1658
3728
21998
26850
7440
211
15950
20098
31531
30675
27295
17890
3922
32456
29891
3754
12960
560
28628
9692
2842
30927
32021
22271
26687
7669
11560
26750
19936
8447
385
26443
8497
28192
8730
21959
11297
29794
7016
16870
27367
3303
14479
1678
22493
26485
19922
15425
10642
8242
1869
7420
14106
25259
4070
24415
30377
15899
9345
19725
19041
3819
26483
6230
3943
8565
2105
13588
9020
29197
4971
14546
21323
11842
32491
1588
27326
23393
18018
18323
21142
17979
11245
31975
30715
8232
28947
8426
27856
27980
7163
10618
30347
10265
7387
26431
32580
15893
26548
2191
7435
18910
22077
17294
9087
11883
26140
27546
29597
30612
10076
30182
32213
9173
28444
12644
10851
15183
8836
13801
7132
22543
11774
20108
7
915
31906
25423
25327
3466
1009
9729
14390
16348
14279
1634
3756
5098
31371
12681
8736
19735
23977
8323
16247
7303
17986
31293
12027
12839
18978
19619
6389
24301
22770
24842
6269
11361
1454
12235
28817
3420
1114
14129
5989
3087
12273
14742
3066
6472
11423
9928
10738
24817
31279
13490
28579
18393
2759
27448
27242
30392
12755
10082
15681
5741
32575
22973
30100
8585
23273
1022
8785
28433
29782
14825
24895
23168
23204
10609
22160
11532
20671
28193
17081
11306
12760
13242
10881
29012
31251
27678
17752
28426
18304
7276
9707
18199
26445
1389
20725
22037
17210
11055
13912
6195
17228
32751
16492
19254
30662
13884
28055
29118
8021
32346
10270
7115
23947
13029
20538
6271
13710
14518
11375
29990
7442
5643
13337
28019
15236
1249
26696
12556
10632
1189
11981
8778
17574
12044
25493
29241
27456
21568
5174
15847
13512
8764
6600
4315
31280
23417
1270
28899
17057
24778
4180
22291
26735
4740
3316
14858
2637
19683
32052
3447
7357
937
20953
23260
12235
16648
32098
22418
15611
3010
20886
7182
4480
30863
23392
24674
10414
27327
12508
25094
2738
18464
26034
22233
897
9250
6563
4451
17934
9785
21857
14941
20416
12163
10660
17267
8227
939
17530
30536
6366
30989
28894
19131
6629
29723
13453
21353
11759
12799
21
1906
23339
9858
9519
10881
27694
28972
1870
3078
17712
11692
14968
31430
6521
9083
1109
4502
5398
6333
29574
16739
20176
19560
311
15478
5727
23463
28920
9974
29402
5761
25288
12463
25970
1974
19315
31761
17504
13289
18207
30332
16924
21508
31265
1467
29904
3801
29717
11982
29196
30213
18733
6636
21179
18970
21961
6088
13142
18941
24648
3092
1111
4492
3358
24899
16113
19332
22823
27028
20990
15010
3644
20812
23353
24073
26115
1602
173
13540
20235
14497
32365
25932
2072
22762
15494
19052
1467
14136
306
11747
22054
10184
4942
12393
30527
20664
24846
9654
21235
1295
32496
26528
21965
20734
4846
25731
21447
7014
32760
27877
12128
153
26017
1114
30446
19045
18457
14758
27702
10575
29787
18978
10810
4892
29863
5217
23890
27286
10547
7698
16766
21644
22814
12584
23291
24091
20389
21561
7444
22572
22937
8740
29499
3134
14096
17655
24664
11878
21852
6160
10337
12435
25913
13698
14379
23319
8522
29370
16256
20067
22727
4194
12657
21010
4720
8581
7917
5418
23493
28148
8083
17310
6264
21481
15557
5399
26147
27883
4862
14579
26679
31217
7525
17294
4148
23242
24482
193
13856
5308
25072
20393
5426
11372
13171
27562
206
22269
26317
18099
26038
18044
15596
22723
27518
5500
29221
2220
19008
5629
24967
4631
10386
1939
29289
3272
5557
30916
1094
31011
29711
22449
19659
30191
26587
30201
23597
859
7712
986
15296
30526
32735
18073
23238
1699
9617
3620
15748
2181
7889
11767
8860
21975
25173
32060
4758
27336
31266
8758
3520
11588
16384
11487
19512
31934
15916
17616
17479
28461
2126
28258
27376
24404
8362
11027
25289
12359
15770
31019
3338
27179
828
30367
12516
5181
1384
11061
11540
28694
9701
15849
26551
31277
8924
6543
28768
21405
27020
17595
2152
31016
320
28894
1413
27516
8830
1201
17054
11446
20098
9687
4830
14117
31467
1470
27400
20816
9651
30150
13578
25402
25956
1701
468
12516
18825
14090
3434
7700
8035
30080
18744
24405
28382
31125
24743
15423
17347
14396
27629
18168
5935
30577
17705
11515
27972
17691
13231
1304
31518
21814
24992
16060
26889
2865
20415
5747
1265
12949
15231
13227
31002
10984
11105
21435
23313
2769
5500
9764
9954
32381
21597
15894
31371
25920
24082
15670
9649
29312
29058
7070
24978
21967
11776
12581
17723
11863
18719
25569
18938
19835
22215
8171
29719
3259
22408
31842
29631
15064
303
12723
21057
25657
30103
17687
32637
31374
23490
3421
21400
8115
3880
29929
22773
6103
22863
7421
29281
9949
27036
17975
12686
23810
32617
8795
29123
5825
31320
29523
2769
13300
17638
7028
12361
19003
19779
771
20716
22177
97
30456
2659
12925
31562
25857
1329
20375
26296
6346
19685
32652
12511
24188
30868
19060
6542
11908
14214
6337
17526
18069
5680
13418
17865
21488
3938
25930
23816
4835
15810
11459
21014
1935
16761
25766
10384
13295
11820
17751
7521
28438
5422
5932
8848
16824
32756
4887
19805
27628
28361
13957
27277
30768
12226
3717
11522
32686
8693
15917
10894
958
14566
17465
6921
171
21570
17398
3489
7610
16336
21855
2162
7784
28580
8325
18007
30964
19606
18484
1791
13853
9458
26579
9539
32301
5489
10380
26550
30518
32360
12717
16254
22684
22848
30798
26979
22483
550
12853
9510
21098
18947
28662
30484
22857
25775
8798
10202
311
1890
3858
30363
7327
19307
30836
12608
17043
10532
31942
10000
18193
7973
28818
10624
2181
22968
14409
3916
13968
28301
25898
28102
30216
175
6501
31854
1600
24759
30593
22212
19337
32064
8443
4186
25336
14234
2096
20269
9066
28867
6524
24629
12230
25234
32676
31291
32386
6454
1905
8939
31337
8415
26270
27178
8347
15291
27125
28586
16341
13348
20148
26299
15602
7960
19253
3172
178
8937
2766
17330
29371
5685
8439
19536
9693
2841
14250
18264
6554
6818
32016
32361
13542
1156
5209
8442
24107
30479
3563
27629
21648
4958
10944
28519
11899
466
28425
26336
8532
10943
18456
22390
30349
26468
18812
26759
20959
16161
17774
10878
11478
1252
17516
16365
11151
26853
8227
7389
11969
21139
17810
20578
18170
5837
25197
3186
27947
24150
447
24566
9319
20611
23508
22306
26856
22071
23894
30210
4179
2321
10678
16726
32572
8932
7373
18848
22509
360
4036
27771
1635
4655
25905
16430
19866
15066
8322
23937
14859
4492
3231
31696
7538
31135
13771
4957
30676
30870
15051
31210
29121
22355
14667
11656
19415
25483
22909
16810
26503
25974
15619
8829
19740
7627
21775
8828
21240
24555
25545
1599
18977
7260
11505
659
21501
28538
6597
24784
17754
2153
21541
15719
15025
31822
7413
5307
16812
22975
25027
4658
15333
4216
21929
21899
24305
335
4469
8818
30109
19050
32520
11857
18039
9135
5116
106
17297
24444
8074
6179
26497
25496
12202
19872
25516
11882
20859
8343
965
15465
12518
26976
27280
25044
23422
8268
3052
27811
10923
12088
2064
8893
6408
354
19477
28779
1801
17787
7093
23309
13025
5629
26706
3084
26531
31678
6457
2063
10151
32454
10537
26226
22063
14685
15631
7412
9290
8553
6164
13231
17657
31735
4313
30030
11409
12056
27649
28538
24416
26094
16369
22421
5011
15110
17875
10155
10839
23784
15329
1957
17471
24813
15584
22208
29926
14417
12522
26942
22997
31625
15217
20060
6311
32727
19073
12931
2155
27419
11077
12738
2633
14828
18381
11900
21865
27623
29198
94
14864
19015
24619
3988
8204
31927
15859
12349
17491
24676
30634
21020
31207
21845
8716
22672
29180
30207
9103
11974
20317
27924
745
27693
2316
23965
32466
7466
24616
4424
21259
1038
27924
24835
20127
26181
2006
3017
8041
14799
4029
28604
30422
18165
22087
22901
27628
4660
12609
23960
16011
8830
30768
28843
24563
30626
28912
12584
25735
17672
28571
6096
17105
17569
11693
579
965
13854
7269
19406
18506
24160
13934
26756
18422
6960
5310
13968
11545
24369
19135
31177
29182
10770
19884
13703
9069
20744
27454
22709
11380
11132
5001
28712
3944
30721
31264
21295
12326
3464
21120
32364
5022
11479
11180
4322
14483
1591
12052
8014
28060
18285
18107
20923
18543
17900
28313
32593
8798
6473
13631
15470
15906
14831
12217
3832
31448
30740
25784
15601
14409
24300
29425
26955
20590
22556
30400
29438
18996
9073
29457
19033
10620
30418
16768
12437
102
23155
19903
5552
9679
5452
8248
2169
13592
15818
31732
27879
15145
17092
5052
27822
13494
176
6782
22036
16833
14103
13042
23809
12897
29254
636
29270
20673
15687
27477
9600
3179
12303
12774
17485
27335
11769
4468
11518
24798
26739
1026
1693
31332
31223
16755
21393
29174
11582
14832
4719
7840
17584
3977
24851
23202
22046
21279
22000
18292
3763
2177
932
4871
29480
13781
23247
8782
28728
570
24102
17661
20308
10155
23747
22161
25495
15398
9919
28816
764
5646
28675
4626
8143
20431
21851
24704
5729
11968
14285
26012
768
29005
25128
28353
13350
18517
11487
29036
3313
32721
5144
6396
27603
6839
29697
25014
27019
26142
24419
25868
1108
18338
17529
15135
2908
19210
21506
5506
24183
13096
24213
30529
22037
4609
7221
11810
26482
11310
4645
28970
22796
11138
2813
18531
7002
25837
21758
8669
6587
13728
15011
14323
6061
15218
27000
11471
28223
27779
15151
32561
15817
21023
5361
15467
26586
27365
20722
5041
25970
30760
26184
11919
19825
14997
17149
29371
8016
25110
3171
4365
9743
13559
14759
1484
1902
12872
15529
28203
21344
13186
11531
22291
10173
20845
10633
26915
15415
4160
25480
5622
27279
5898
2289
10916
1801
30290
63
27531
7453
16890
10967
7503
25711
618
8600
7967
513
16618
8116
31290
27047
13134
4030
2738
29628
19161
28420
9584
31508
10844
31518
24441
5937
18334
24007
23152
18106
15360
19180
14939
7720
2145
17667
10410
20163
20544
31646
2165
6605
20512
30784
16389
1021
4913
3439
15254
23855
11308
15370
3419
28761
30079
733
20163
28609
7338
19571
9979
29037
31977
28459
6836
4059
3347
29582
2342
755
25794
5344
31316
17722
7348
12277
8850
6472
3697
5191
16197
892
14126
27461
12523
3054
16882
10733
30299
23717
31991
16540
27981
4107
15955
32037
31772
17309
31703
21281
2251
17127
6712
32391
24903
24240
14188
13437
30955
17522
29783
22125
8009
27149
423
23386
5160
25019
29693
25461
7369
10823
9037
10731
32367
20346
6535
18690
541
28375
21623
1124
26018
29832
24298
3514
24019
9367
1298
30589
3608
17505
10283
18953
6442
30792
30047
28404
12058
10665
999
26269
15510
2318
7796
31752
8040
164
15309
27369
1087
10991
27321
11262
20914
8636
13599
23458
17538
14679
15980
28320
8479
31743
8501
10565
7790
31127
20510
3257
28106
16286
32250
11919
1097
3425
20787
11930
2368
6255
26220
16130
3593
30030
26214
29336
29443
30828
13088
17767
7643
9048
28739
5003
25866
29234
27324
29255
21663
7521
9131
8017
12351
9091
636
31344
22122
12202
29267
15689
26879
12229
28334
25974
24323
12124
17222
1241
25502
19073
822
27696
9830
19715
31582
25577
225
20964
9226
26423
5444
30477
21967
5477
19073
31041
17846
19819
18817
19536
3229
10175
24494
909
15833
17005
27317
7809
20768
4970
12682
3553
25511
13605
20140
1214
5255
24928
4010
27132
101
3646
28134
32261
8274
24989
1177
2238
4080
28325
10263
9147
32470
29089
597
29871
20790
32270
22696
27686
13245
21234
24271
23670
9915
18800
15156
31986
17540
4504
8303
11618
18198
12676
8204
3504
4348
31392
6798
15844
15730
26953
28851
23122
31689
8858
23034
2066
14861
1154
1123
9649
25318
31770
24950
29734
12988
5686
17542
19464
26654
32315
13879
13054
21349
24368
8510
25974
2452
23319
15464
10394
16003
3197
21982
30847
2621
18000
25511
26272
7590
1521
32110
15500
10849
19338
9094
14043
496
19618
30507
27750
12317
13550
18443
13752
5273
26986
6917
10431
16356
425
3632
31943
5996
27497
15903
27306
1273
27755
4195
23872
13640
30338
1874
1565
10742
489
775
10876
8865
25049
5034
15478
8521
18267
16626
5240
3580
26204
27367
24307
15794
28927
10221
4693
24694
23863
17406
313
6854
10388
17719
23770
20029
3677
6550
15310
21871
25568
20994
30961
14101
3846
3723
32415
5226
19242
32756
21030
22228
12331
8814
29562
24775
12224
5543
25899
17894
32012
13827
28821
20076
4723
23337
31319
18891
18859
24514
31494
29843
14870
22141
28706
30100
20815
4183
22856
13895
23043
22553
5546
6762
25858
1826
13757
23275
18581
22374
5425
2055
10771
5815
20774
30387
17839
8004
28317
7483
26772
14687
17708
9001
20788
19075
503
10344
27100
30101
22235
1961
4492
4202
10732
6150
26375
4746
22818
12773
18982
24883
26191
31520
1905
7329
8020
15971
25072
21133
5781
20949
28479
14836
32682
20730
31201
23577
17496
11736
24022
20173
26047
23896
4976
25582
32212
8944
23650
29230
29970
16255
18202
6933
16493
1912
31825
12874
15240
9283
2784
10766
29479
1248
9685
10505
29671
16846
2246
11593
28973
30763
30309
24712
22620
24604
1365
429
9291
8815
12092
1942
1270
12671
22042
24853
12147
10584
13273
30264
27176
31516
26661
20174
10556
26534
6269
550
20299
3436
22154
21530
26206
3498
16560
9036
25882
3261
4324
3248
21559
4556
3517
26699
26676
2478
4557
826
25417
28936
7473
15093
21406
27062
9575
24021
442
16237
5984
29908
9022
8094
16342
23189
9683
2205
3552
17316
9825
13314
25540
7166
26754
80
27148
24020
25142
7636
6364
17804
12248
720
27522
1801
1104
27353
29263
26668
27019
25982
13989
25754
25896
14378
9554
16064
21876
5964
29468
8725
6809
31412
12189
15007
24594
4416
31314
26041
6754
6073
3566
24595
3334
5880
5620
5370
27816
19789
644
29402
29077
18209
20085
26881
28273
27353
27557
29349
16170
31742
18829
21289
9258
22939
10777
26524
24017
31719
14518
12675
7202
29988
6060
32472
5820
31175
22446
21330
24844
13273
3503
30439
20162
26013
31480
19856
31873
8051
31608
23628
20699
3324
11867
8039
2428
7551
3294
5628
10405
2956
25441
9913
22237
2015
24765
16866
3299
2950
12249
25752
6630
5447
20344
24924
23032
22076
7253
4559
12481
4544
16754
21947
7280
13455
685
855
29943
26408
5524
11463
11128
8054
31866
24291
7674
30128
6091
15673
21345
16510
24988
8021
13213
15453
1926
4928
4129
16964
22197
26950
4247
20872
11836
11516
22482
28925
27563
12162
29956
11102
1508
1798
30001
10990
18986
10121
10467
14432
28539
30950
29216
8436
29728
3600
11929
18404
31106
24987
4644
26366
4671
15230
1388
17042
13949
9239
23783
21646
21119
2159
31753
13032
9078
29632
14520
13628
22169
564
4863
7607
7799
28912
5382
18739
12940
28497
28482
10915
27923
5493
9449
5554
31516
9214
23721
7335
21214
28946
10649
1420
25678
9894
24688
6799
14321
13821
19701
22952
28654
9323
23478
18300
24423
5471
3069
27010
11273
13729
15872
11108
11746
27607
12632
13224
371
29262
18356
27535
7
15863
24527
15933
4675
22192
23711
21275
4349
1221
11472
18298
10322
30647
26224
11129
28914
19004
19180
17960
13247
1926
18235
25837
2967
5576
17497
14887
22893
10743
23543
3858
16031
10446
17777
19691
4483
6420
3840
8532
67
2849
30513
16889
21996
6559
31381
4980
5569
26510
27066
14190
24789
16266
7003
17927
23001
14417
3796
13944
31538
640
4824
15095
4943
17309
17510
5084
23353
8794
31225
7681
23403
26648
28416
8302
4837
23467
17293
7478
5244
14685
9297
10652
3700
27701
11976
4474
28752
27769
26033
18916
8937
26481
18881
30472
1726
5230
27288
2392
11403
23307
1012
13804
31773
11955
31525
20001
15716
17251
20673
14983
14282
32689
23192
7418
23491
20494
23018
24078
10917
16200
16856
10673
20667
30803
16921
7947
9620
5448
27118
14249
1697
24494
30552
10715
16384
26105
9864
19034
30610
2640
5527
12590
20051
28307
4215
9679
11243
24989
22826
5771
26752
12742
16433
7975
18639
2220
8520
25289
123
13364
6224
15638
11940
203
653
3735
2236
2290
8209
10337
10134
7673
27000
6901
10944
11786
28118
27749
9747
19306
19694
31160
3464
14588
8613
1936
4942
8199
28854
17930
11289
21304
28582
19430
11708
17131
14331
19688
15354
1702
15017
3965
30617
8166
1997
26018
9145
23071
16029
11522
13668
27646
14751
6750
358
15857
19226
21554
31839
31209
7627
8342
16662
18527
3544
10850
20752
24213
3594
8597
17250
16926
27958
15096
21955
26016
4092
21246
5093
729
29364
14319
2310
21984
1958
24389
12226
7597
17785
2647
5163
1500
31215
7732
23579
23982
13519
13010
10697
16465
24354
7528
3227
4705
21153
31256
29755
30894
1391
30929
23021
11328
7684
29044
5152
20376
873
821
2114
10553
15787
17221
11993
26471
14986
16046
7632
20783
19057
21374
3342
2215
27051
9511
2382
17015
10707
12326
18730
5784
20364
16611
22648
20060
30835
20952
3546
21423
23890
5366
32401
9628
1175
11332
25746
30227
30980
21962
10972
21737
22695
3757
5128
3104
20493
29083
12066
4457
21939
21609
3767
12519
14781
26875
30255
21814
24042
25957
29021
4268
10696
30543
2645
19422
3876
1694
4478
15718
12997
2897
11240
3812
3418
31400
7135
21315
6320
3980
30656
12862
23848
29227
17163
27938
29545
739
7610
8405
20050
19553
32209
26903
24882
24842
10039
18696
30268
10137
21956
31978
18741
23306
19867
6441
14960
16824
17850
6808
11772
24514
24783
19454
27420
10418
10317
9425
4087
29793
15808
1345
28049
15125
13918
29561
24570
23789
21726
15905
30406
30847
5517
10279
444
5311
16542
447
21971
8739
30401
21160
24154
5892
27640
31153
20086
11080
17574
25981
1745
30526
18665
19075
913
31177
25130
31320
26247
18881
5875
16433
29097
30358
30976
26276
1475
23606
14744
19118
31081
28209
22558
8186
23600
15899
7907
19040
31262
16691
25150
28845
13150
6465
13791
11426
31800
25797
3168
31807
6465
23117
29981
22593
27599
13095
27718
5097
25264
10552
28978
27135
25372
3116
22262
23319
15847
12752
823
16659
1275
17851
3900
15337
21766
15412
32583
23462
26480
27728
1062
11187
144
5467
31493
855
3615
21369
8070
16254
2541
18317
9236
18873
29906
30298
9332
4229
32232
8937
9884
21712
10743
10282
7625
28857
3889
5597
9164
31640
31008
5299
23716
28478
2268
21937
14418
12926
9601
4310
1769
11500
20704
22269
4837
18404
13429
15109
13757
206
31386
5678
6844
28833
18425
27590
9228
27814
26951
12294
9748
9343
2352
30263
27908
24935
653
18968
16557
19131
8925
14468
23191
21434
28915
19280
589
13961
19436
31859
17404
8313
30308
25705
30012
29581
25066
10201
31790
16695
20144
26741
3271
25187
4999
15649
20587
20662
8715
30040
11198
9496
6939
11212
5815
24432
1933
27725
15094
23470
2335
28908
19543
6159
6064
14944
20423
12444
7856
1961
17494
13301
3797
28915
25230
13644
14351
10684
26115
16308
32703
11833
5420
3740
18212
24566
31601
12182
5653
21950
2437
29022
24054
25274
4086
17431
26853
6364
18435
28375
18740
19071
24237
15974
23836
20295
13841
4419
15023
4175
20724
25832
6159
8067
7328
18511
990
24138
3311
22453
501
30569
16037
9630
24665
12324
5122
13593
22634
21669
32664
26949
20574
17314
29019
3604
20718
23867
6647
24143
847
22817
30822
10971
19300
18429
26049
1850
21042
17424
4950
8020
5268
5398
12028
6776
18992
19313
8611
12190
14505
5763
7215
20207
18199
23132
26247
1159
26036
18581
9448
30841
7639
123
1920
12307
24103
31345
6200
29796
22280
17039
6865
508
31578
18063
13106
26099
31075
15082
17920
11309
16393
23358
18288
17115
25669
2547
27737
14149
31444
4894
29070
12232
14896
5797
28010
18202
30910
23973
24492
11478
23369
7952
29573
12084
18351
30619
10224
4631
28634
6359
21058
22350
2290
29597
12034
23571
721
25008
29946
28632
21432
4766
7822
18500
11328
16359
23885
30328
10131
27745
27590
16790
19419
13019
12701
2692
28411
26625
28126
7405
21374
4992
23440
4489
4556
1130
1166
9631
8612
1243
13970
11208
6086
28893
20115
31221
27632
13449
20049
30899
23308
30063
28718
14254
14760
27448
11583
11124
19110
11146
27043
30844
28213
27948
15123
28519
15616
1643
32187
7813
25509
10940
11080
7323
21096
11170
10307
28900
5417
16594
31645
15445
26515
7062
9355
2085
22935
18799
660
23949
6168
10750
999
2765
11752
31780
3571
14703
20724
18025
21554
14799
4027
7834
4421
10203
29445
5302
22086
19736
26577
17676
25690
25574
1423
21917
17541
8196
1167
25287
4547
8278
30906
7973
10580
11750
9344
10929
13655
27690
30737
25899
17818
24197
4304
16319
27313
26383
19716
20962
1861
8857
18385
13693
19375
17900
20840
28237
4037
24658
14202
24713
32500
10072
29170
6854
19088
12241
2019
30489
22119
14366
16575
22395
5020
26541
30155
369
32179
10176
6095
23788
28136
31088
15634
6765
14533
27889
19333
1134
18931
7703
4927
32766
12881
23065
27945
171
23619
21142
12795
29604
23117
469
7527
26143
992
9297
29075
27385
21619
27509
28365
924
16598
19876
29563
4134
30403
6012
22608
2760
15031
8796
23750
4715
22527
21539
14280
2202
22294
19515
8366
18076
28206
25047
25711
11744
24589
22392
23314
6047
15642
26550
20838
26556
15032
3901
15091
18159
5330
14358
16432
18466
11703
10792
31991
32027
24617
25854
821
15964
14256
18122
30182
10823
821
9386
20545
8070
30155
14379
11567
13994
18896
1548
8962
32530
6709
8772
1892
783
26138
30021
12173
22341
29342
26243
186
14677
32501
4144
25818
441
32443
24650
30602
27887
20103
19160
32579
32729
5828
29041
1746
2916
20668
25597
11017
4968
8694
24256
28853
7375
450
10644
14032
9978
23826
31861
6391
21600
11403
3395
22046
1656
12508
10948
3970
28890
18767
2281
29663
26529
6301
8786
10979
27923
27655
21267
5347
17028
6306
4281
13006
119
17139
25480
19039
31239
17595
1287
6806
28549
9492
18367
13416
21603
22205
11327
19382
11344
12467
18275
5244
17317
21761
24022
75
18176
31192
22742
28665
32302
18658
30775
11671
11855
18644
26027
17059
26420
1347
3392
32383
16396
26808
24362
16674
18240
32006
24259
24078
10651
1499
8912
11137
21678
10646
11014
4592
6259
7256
11981
12209
3120
350
18755
25848
15006
30350
9860
23556
22859
32335
5673
24986
3901
15262
9998
8627
3800
13407
12377
7282
1794
3568
27575
26456
12164
30724
1257
3771
29875
14767
17024
11124
1617
5309
11236
217
19886
29512
20635
14059
3858
5002
5320
1232
14943
9711
9970
24451
12019
4462
775
202
30412
21018
9889
23144
15599
9716
23175
18836
778
31748
13687
7851
23128
22952
15395
19746
9157
10795
17017
22462
6995
11417
29223
19719
12988
29650
6751
26618
32601
11486
11479
10494
16194
8064
3093
31513
14775
7438
3817
14692
32446
20863
23867
10428
18958
10950
2566
14779
3372
19039
3749
9958
25812
13607
2894
17192
32154
13680
28892
3200
11217
9045
30673
22262
15020
1867
2203
9171
13987
19193
30998
30993
14104
27722
17235
19729
27451
26304
6552
23180
28203
18187
31655
28876
9822
7386
12611
5148
13378
16113
19953
637
13348
5499
8700
28826
22354
24226
15547
4862
6268
8542
25622
18309
3936
17034
9543
29456
10151
28733
25310
26493
16137
22359
1032
26071
28344
22362
10512
4297
1020
10364
2342
25433
27674
10234
23904
32723
6011
16046
31998
27394
6154
5604
3826
1958
32478
3690
29856
26147
15641
11750
20962
15479
3088
30316
22095
6766
8364
23632
11197
11801
11792
20025
11780
11388
31611
887
20485
12935
4464
1175
20971
12872
16917
8756
11441
16478
4314
19984
22245
21937
15706
2659
18091
22880
30086
25458
21764
1787
29440
10084
26192
1267
1989
20561
31762
16206
24079
21661
5108
23199
28538
20868
30731
21302
30565
17397
25691
7316
25755
17316
9630
21794
3635
29787
5441
25122
12212
8592
5808
2021
28797
14397
31187
21054
31332
4844
26328
24888
25502
19473
14132
28164
28639
2717
24548
7221
27841
31952
20729
27440
11626
30031
28243
23517
26985
24182
1453
7843
738
30703
26074
23956
30699
4740
31565
30436
821
15921
5599
15264
12271
7806
15309
1692
25831
22796
11776
16302
10995
21101
402
7961
12943
11576
29325
17740
23751
16221
21494
31437
19288
29111
16650
11376
15378
15840
29639
30668
13184
15945
25774
23535
15051
1162
6088
25169
13532
10742
15079
21511
3777
20083
31022
20281
20306
31113
10195
20694
18964
4536
12324
1670
31069
24079
23240
31969
17337
17914
24648
32222
12429
17244
25294
13198
20474
15069
13612
25354
23044
11910
4895
21418
18676
32395
11989
13943
29434
11367
14254
8675
26391
21550
15936
30136
4410
20511
6557
15183
27050
14969
12760
22018
13219
16785
21445
6115
3908
544
29185
3759
25257
23521
30514
7421
24148
29788
3472
13243
8401
23548
32677
16347
15769
2408
5712
8266
11064
7952
6160
14370
23723
12038
19839
28960
2572
28944
12061
16984
27761
7931
8271
3879
28945
27442
23464
29290
10152
17807
29798
18925
28701
25200
4416
5671
11106
14350
17503
548
29597
26122
9386
10178
8069
15177
3142
25632
5390
19970
8285
20564
12104
23061
1567
12892
15236
22943
26887
31319
20922
3019
13920
8182
3111
24043
12807
29741
25146
27335
18546
15150
10929
1076
16881
8855
2304
31465
15156
26602
18930
6287
1806
17215
29586
23
23928
27189
3148
26704
31705
16174
23888
25785
6789
188
13367
12436
23427
3414
26601
12347
5779
3920
9406
7351
9839
9482
17379
3471
6994
22887
12800
21726
30391
128
10519
25000
21603
19610
16816
7278
9381
12118
7987
29184
23517
23336
15253
147
15163
30986
5686
6931
5833
26226
18954
5819
15532
3969
20216
5858
24999
14717
27263
19224
14048
20865
5023
21361
3303
4979
19959
16161
10228
7479
16427
22857
10608
16930
2440
14353
12983
12978
6891
16887
9501
19580
5854
7527
9007
9829
32005
16011
14139
11541
9401
1892
17170
25513
19186
11802
7436
7336
14186
23952
32333
16185
15615
17468
9799
27795
6489
1334
22400
6580
30670
16270
4501
29014
7042
8163
11392
4639
29907
12337
14614
32024
9716
23019
19155
18528
15063
20042
3802
27170
6225
18660
21560
12228
26233
24704
26985
13665
31313
23081
29469
29050
680
12929
8252
10472
31806
20824
24359
24341
12586
7037
30785
5740
18297
22228
12718
29966
8984
5289
24666
8647
7924
5700
2621
27968
24927
24510
32222
7030
20406
27923
790
24938
25920
15735
2327
27419
29018
10478
30124
32177
209
13335
31171
2555
30352
22088
3880
17179
6011
26080
915
3456
3482
7897
13541
23061
9850
30621
25263
16824
20688
14363
14580
29934
7520
1817
30768
21461
18205
25036
24216
16986
1682
12710
13988
3243
13440
29807
11979
28656
32713
10903
24205
6966
14988
32715
7351
15531
658
25030
2787
28433
18665
31082
31294
7021
31950
14863
3470
8959
24017
31515
15475
25975
14643
20434
7148
30566
5779
4464
4126
7411
6089
20341
19281
23759
4115
6721
15932
16235
5743
23520
23938
3688
5959
13095
24700
10319
10579
1280
23865
15490
10684
14338
26051
882
25469
20037
2724
18195
17935
20852
26281
20365
28485
17699
6118
2101
3189
4963
18938
28859
22232
10132
13717
11940
12083
11131
14647
21243
7351
6805
28474
10308
13094
8106
25874
7346
9272
28836
22484
7322
61
7330
6645
28966
27139
73
1620
30542
16890
21594
9339
17156
3222
2698
25122
687
6133
27790
1525
14043
9410
12661
16280
4655
5721
32058
30951
5535
28204
32410
19586
15587
5733
7971
17801
20263
16333
31118
19620
10244
22252
2638
26183
3247
21618
20073
9780
24944
27861
17543
31809
21334
25404
1096
15963
18986
924
24539
5067
13985
2080
17357
9656
4309
28111
18718
14573
6902
31849
11674
5341
15421
1425
9830
23524
2082
7985
16602
14544
17871
23835
17806
1440
3028
19948
20920
20364
17436
16182
6837
23621
11296
3294
4069
5245
9562
32706
20156
30634
27133
32671
7446
32007
31203
7219
24011
1500
21447
12702
13188
17664
20148
11278
17869
16284
10173
11931
23659
19249
6127
8560
17647
11485
1668
27436
13963
15834
11097
22920
10277
14663
13731
32057
19626
5931
19165
32024
10661
6327
29189
9344
31760
27083
16135
12535
24425
31676
21114
8977
27401
32085
394
5778
14770
5147
14901
26067
3943
15061
30651
7271
4480
26956
23375
31997
17661
26960
15635
7816
18203
31995
18755
25758
29733
14906
32176
22302
28813
16264
7025
7446
18491
9725
24789
7908
6181
21640
8092
5019
30240
6265
870
32168
2805
10050
7275
23221
4792
28030
621
2765
14165
20274
9195
12993
31084
15699
5528
7627
7007
17545
30219
25202
17065
31027
14776
20141
17265
25771
29471
24395
19038
22475
27459
18066
22702
18096
7774
17959
18050
4541
28883
24622
16252
24547
12388
9137
28044
28192
13733
6214
17927
30790
14768
3308
11514
7934
13339
20023
25277
28428
21799
1965
28619
28117
28730
21615
720
20254
27280
17180
29956
14358
557
20722
26808
13207
278
8246
13870
15273
12480
28118
6830
31816
8649
2638
24022
13159
7142
22984
24882
21044
18973
8071
19981
17310
30516
6277
21894
31764
28265
10587
14054
13968
21603
9058
48
725
3177
25880
15610
2293
32210
22981
1916
9749
19900
7262
12263
18036
24833
16809
28152
8362
14951
3490
20684
13870
2327
6174
24822
15643
31569
9390
10447
22324
10589
12742
5901
14885
11461
798
28567
11532
14273
11097
16024
32567
16627
22757
466
23599
5972
27170
31798
8438
29295
3270
26545
5774
21197
27776
31048
13754
18096
13531
27495
22537
26372
27238
630
31247
8338
24338
16302
29430
7543
17883
13867
17718
25300
10666
13890
27808
30408
19322
17172
19873
8859
11194
1635
10693
9532
17139
13989
15738
27118
11691
9047
27415
5950
20361
23444
5916
2616
12730
8934
6587
4570
8338
10332
27032
32457
19575
13277
25550
23363
29179
15803
21810
24405
19784
9355
10459
30030
23745
30005
24546
25203
14054
31047
13926
26612
30584
32655
6611
28703
2014
4840
21604
7124
18120
4948
4583
17465
21266
25931
8641
17582
32235
11091
6705
8452
10294
15825
16601
23529
3888
21791
23674
4519
19540
6622
21503
11023
3196
3982
16061
15535
16968
3420
18937
26188
22467
14650
6058
18060
9028
14645
31361
22258
9107
3843
13095
17423
18253
20956
4806
5623
17290
14988
9930
15603
15804
13765
20969
22133
19675
28857
30304
15953
5567
5096
5504
16425
1741
8247
2154
32041
30421
8771
13847
23029
11067
12276
27291
2272
2389
25685
13226
1119
30485
19875
26203
3517
12008
420
12844
1040
2781
19513
25926
10091
2826
11319
17923
7253
6956
4723
9646
17274
23437
5916
4234
14753
28971
6478
16149
5086
8470
31971
11405
11273
15130
31373
30388
4462
6046
13858
27345
29126
11468
3894
25591
3687
32498
24559
24201
4535
28712
7701
25854
22758
13108
4713
14818
1501
26026
6712
25373
28017
5464
10031
31352
13789
13536
29041
26461
14703
17319
4071
26078
385
11502
27351
32506
28075
8767
15545
22043
23351
29963
5446
28642
24789
13201
4817
22055
29328
3329
17882
15676
513
16610
29409
3698
28355
7601
9848
31711
23335
21195
20380
350
14632
6541
21573
30422
9121
31161
21564
6080
22461
11547
3629
9187
25263
26221
6909
32098
22436
32633
29533
26617
8694
21117
29600
19844
18339
17107
20937
11201
12285
14545
14825
3926
17059
5359
1192
16406
29359
24103
15393
640
2609
12194
25331
4744
18909
10640
12692
15259
12544
26968
15849
12765
441
19697
16660
4277
21861
1423
28558
8843
21851
15747
6005
21968
27610
21852
31015
831
319
31827
3599
26979
6523
10214
12735
346
26053
11970
24895
4312
7820
2790
1189
7535
14768
1798
30438
9485
20721
23341
16364
16326
19624
31911
13545
3795
9909
9502
29418
7387
22968
21763
26543
4978
20612
21808
23738
27104
27088
31691
14502
28963
25648
14445
27322
24887
17988
11139
13502
19348
5935
19701
18189
5881
31563
26118
25324
26728
2332
25212
30490
7537
27266
15616
27305
15284
7730
2759
2571
31138
28006
27250
19056
17539
27092
23091
22352
26557
2013
14642
7747
14675
10504
30767
19737
28588
10926
15720
30247
1174
19703
32701
20191
18826
1541
23826
15524
4402
5486
12277
9180
4648
27632
10368
11590
26369
15200
27777
30093
20362
17124
729
23326
5969
11106
3618
24119
17767
2104
6805
18241
31077
20526
810
1888
6573
25256
12800
1864
14066
27937
16384
22610
18683
17620
14270
31695
10403
2236
32671
13468
27429
8127
12097
5879
662
26407
21527
19088
18355
9553
26964
13027
20701
5289
1803
29126
14946
6870
3220
30782
17406
49
18993
6551
26530
15228
28145
21684
19827
9681
14293
18339
16662
10968
14642
372
3115
18749
9046
9804
23063
30561
26990
6581
2311
16464
14760
9016
3122
11508
4500
16686
17246
19848
29136
7635
27557
30542
29924
23196
3449
2693
19819
9675
3046
21654
28532
20032
14615
25230
26919
18834
5148
22480
11948
24670
5098
7436
23880
29919
9123
31595
14793
6079
13336
30732
28197
24365
1677
948
19038
13360
5308
21185
3240
2619
14876
29024
29902
13569
610
26624
9938
20618
16712
1031
8404
28551
22414
6339
18484
995
18751
19619
20987
13722
2358
18087
2679
7118
7648
20501
16422
3096
836
15982
21974
29724
28224
14752
16393
29024
21781
12925
29086
7006
24870
7532
31662
13271
11772
17758
25781
12651
31118
19204
31474
22631
10687
9280
9744
21982
19241
12249
31749
4347
27929
12658
7483
9877
32474
18877
7149
17156
4663
16108
29397
20019
10043
10600
20228
7671
25915
22726
12561
8863
25879
1271
10613
16845
28860
8126
13366
21380
23533
23143
30659
30081
23108
13239
27423
10447
30323
8735
10050
28054
3792
11828
26557
20788
31505
4452
32412
8846
16211
11489
16272
16552
28770
27874
9806
14196
11572
27659
15410
7912
20918
27433
296
28755
18124
28963
23500
17905
5010
10030
21712
14525
5097
17727
8606
20614
30767
8902
16959
14917
29261
16281
13948
14510
13303
22830
3651
773
8751
24590
22860
1587
25099
24966
14843
15385
8889
14752
8073
3364
18624
8530
27487
28706
24200
27892
1474
15444
28189
3831
9653
25028
10288
13013
20507
31704
31839
1092
21021
29224
1718
30383
15051
7053
30325
8422
6150
6010
21011
277
31389
20880
15492
15603
1462
25452
8120
12859
3440
18628
24676
27488
2246
6578
32516
19581
23223
16207
18977
3210
13987
22148
1487
20182
9209
13597
11387
28849
25871
17695
11491
24425
17745
10844
18790
2681
4766
26180
31870
17916
17903
28158
1675
12648
7994
26296
2258
30328
14486
31803
20933
29802
21663
1474
16005
11115
27676
27916
21925
31824
16095
2992
32561
4230
27629
29361
32238
32332
21727
20562
3556
32031
20616
26667
19482
15990
28888
20861
19361
16048
24576
28611
31699
8779
6359
22921
17373
29526
32381
8577
30587
21289
5950
13780
2307
29779
28345
18870
7333
28884
25409
32061
24817
20621
25219
14195
20633
21492
22889
26282
16761
22284
23359
6927
25812
24725
17429
12162
7393
12671
23140
29861
19334
26789
13300
4659
32355
3768
25084
4756
7186
7801
10380
19630
30381
23852
17704
8189
26513
5961
2229
14054
22626
5492
18586
17224
23888
23983
27423
26965
17560
5327
4888
19616
16205
5164
11976
29558
1880
1949
28160
29810
9918
10148
25479
8780
17441
25573
21950
10738
6282
4573
644
22234
29285
29648
23128
29078
27085
11267
30397
27817
10762
28716
20451
21401
29784
4391
30083
12357
16362
10986
20235
23161
6959
4283
9979
26048
12884
18849
1423
8569
7946
12568
7838
24365
25993
4104
22210
29472
17109
16888
9145
8998
12352
14975
19467
30648
16432
32508
18925
9031
14370
26759
21862
29648
3055
16936
22960
689
7758
5958
23009
5819
27291
18018
2251
27784
31703
11269
6176
22799
21743
31222
730
31349
11841
3761
22233
27431
11356
24853
16846
11045
29703
21597
25945
13217
16262
2129
13934
26824
22808
31165
27645
24032
7876
1827
16594
8083
29525
11693
3258
30858
16548
4709
30951
25662
28437
11176
21397
9227
30308
7896
18158
10887
27554
9810
30507
20753
12410
5024
19453
2989
10169
16879
26923
3855
4878
3267
6780
7413
32269
7913
14039
27322
23162
11694
16041
22056
12741
29774
14727
23695
4049
943
5909
2067
2809
14927
5926
18250
3413
30843
32036
25351
17209
25795
4787
1648
21247
21674
15761
3415
16903
11682
11456
3271
11003
21047
24808
18908
10584
28554
5111
4824
7722
16129
17418
11892
12823
4157
26000
21876
14494
12108
172
27262
22689
31520
15836
25644
7713
16448
9689
7520
22858
11198
6334
32728
28335
27241
16491
15618
31958
18499
556
2321
31479
25654
13206
3152
13569
19458
5810
32438
18654
5242
24926
8635
2296
16880
21487
3179
26620
5358
8987
32185
20958
3879
14615
10517
5661
17580
4604
12609
18248
19811
14191
17760
13249
27318
8065
5200
23489
13704
29396
2617
2204
26733
32256
3174
26950
6682
21044
10068
22550
31770
22817
25353
11723
29123
24595
12711
17869
4969
24161
11329
6069
29137
31496
4589
2574
11752
5523
15643
25181
14517
22078
805
30304
20365
2394
12839
660
2182
18931
8464
18937
814
16305
1529
25369
4476
29692
1718
22087
27910
611
14251
28965
19573
10303
31969
29545
27958
30611
346
30944
25971
12599
14497
17587
21058
2614
7844
20969
13852
24692
10694
19757
7056
8852
9009
23505
20536
28440
22889
21524
19437
11978
24871
19104
6199
11867
22628
6487
19463
31563
24500
17231
28585
2056
15829
23067
23796
23386
24968
18509
28612
20222
13727
9528
6826
8594
31576
30203
13281
24497
7913
32699
3716
26718
14940
3887
13311
4262
15005
22882
20932
10881
23250
22964
12095
29434
27114
20770
16395
11151
3705
19144
9830
25307
31939
18852
14818
12402
21270
925
26206
26637
4190
19908
30517
2023
22771
7641
8885
26214
32181
17681
27091
25342
31067
18454
8220
7763
22536
30800
12271
32157
15647
12899
28394
32081
31577
26105
5794
5886
29461
19137
13719
15988
10991
26296
11367
14892
22163
18855
2881
23268
16340
8684
25501
22154
17912
3710
25130
19035
26454
21036
17672
10316
2340
19493
568
5033
29066
22973
12881
28924
10234
1390
4980
11568
12228
10013
14465
32758
20709
22943
14475
11624
25376
27004
29322
2796
20305
8435
14672
19292
15101
5438
31679
22116
4653
22807
15672
12075
25469
14458
29270
11829
17008
25005
5597
4744
9222
8062
2541
11789
27025
2252
6524
12602
3524
18760
11779
23022
10253
26493
3446
2460
14885
11278
13434
1708
31717
3647
8403
27934
6491
18871
8219
4721
5917
389
30394
24771
20701
5216
29458
27961
17982
1587
16634
19873
10726
8921
4462
29014
26324
15908
27268
356
4084
13605
13218
3053
28145
5287
20975
32460
8011
2301
26887
13687
32425
31486
5107
7722
17264
32333
10840
14914
4244
29918
26094
32231
26031
2997
31796
21229
9808
29937
99
17148
11157
778
8608
3311
5116
2391
6517
10619
17782
9683
24194
785
21949
22560
28528
25861
19688
2508
18983
26095
30269
27604
25409
20818
13126
19814
12734
21627
1319
20459
8953
29356
16430
7237
2778
1146
7596
32085
25678
18036
8195
961
30196
15109
32001
5876
12058
25500
620
5990
20711
5385
10462
30237
14297
27435
18643
25972
22899
8136
9729
1819
18991
18620
17640
15199
24506
16726
16041
30123
17248
17151
1819
14927
2245
28956
22812
10625
7383
23606
15653
15265
8448
16472
24098
4802
1696
697
8320
1381
32442
12955
12167
18055
4590
4467
29930
20191
29863
26186
11932
27489
27541
8291
5862
5382
21598
3358
21175
30159
9872
9500
6715
16136
219
13476
20398
13514
5757
25414
30835
4803
4349
24254
19552
11833
14876
11547
20317
31053
521
27168
10541
19325
13780
29674
12171
4973
31269
19155
22137
21991
24110
10391
31445
7712
6878
4789
15149
17213
21079
27672
21204
10005
25507
18935
11061
21049
9890
4090
5992
4402
9287
6046
28163
30473
7940
26330
30003
26893
32643
14851
21771
6096
31127
25837
1051
2419
32114
20307
25157
6435
18712
4216
30156
4068
11796
28175
32430
14989
24425
16984
21556
8468
23499
3469
16583
17164
18447
13948
20485
32108
19937
15989
17172
32146
21173
27750
7990
25992
6912
13125
2718
1413
11687
22446
27523
20151
2999
6350
32114
25407
4184
24703
20712
26494
3324
16052
26912
30863
30172
13336
27690
27668
12965
4082
6461
15670
26478
25932
31054
19175
18926
23380
32225
19306
22252
23810
544
6422
31734
27643
25130
15447
2390
6838
7341
22261
66
29149
12983
21657
4435
17654
14793
1165
24377
14914
21550
195
22956
2533
906
1561
17573
14408
2486
8667
16335
20412
19403
22665
25144
23904
27517
10715
15949
13636
2731
5635
25093
16846
27955
2098
10076
25181
27915
19037
26883
7469
29838
26177
28502
10363
29459
6053
10638
3817
32708
13279
1848
29475
7854
10905
1510
14019
23572
981
18212
2162
12809
32559
17069
7504
27710
14434
26847
6551
32280
29966
18797
27771
32517
32697
4692
9044
16657
13331
31504
30718
13748
8318
28687
7808
5358
24781
4710
5613
31382
5708
24515
136
28144
8449
5794
18219
1917
32306
10948
3050
10519
28712
24029
12275
31805
21298
20622
28856
10923
17388
8082
24657
1325
31424
24892
15643
3254
174
5921
27814
4524
8521
26642
7630
23943
15874
13901
22055
6810
26281
26099
28319
28208
23345
26557
17246
30939
23220
23531
6897
12553
25526
24958
2216
19416
18862
26023
20028
10284
17347
1919
181
28670
22739
25592
29835
25591
19641
24084
13580
1341
29392
14165
2813
4493
2483
3188
22148
1418
1095
2646
16454
6484
25596
28475
1484
27485
2127
11321
25899
19832
6036
15081
27620
26675
25842
31584
11529
10343
30639
11872
8865
11021
6061
24528
15950
6995
821
21866
27949
14064
12788
21940
4862
27828
18755
23345
16517
18787
9644
2008
10543
9923
7593
27845
7161
20724
25006
31279
910
5632
7530
11162
12719
29619
15947
17485
31192
22445
832
12295
24353
9653
14786
23534
22882
30800
19477
7112
30106
20370
1227
28525
21906
8757
11147
15484
21181
1256
24336
20558
18531
23529
20596
15912
18686
19158
17327
28085
17125
22209
31067
28083
22567
28290
26042
24300
28090
19793
22777
2920
13781
27540
31926
32225
14746
29173
19137
11639
9720
25272
24863
4517
24528
27979
22357
12916
9046
8223
30947
2286
12987
27831
2318
17366
22537
12799
29666
17558
15950
16606
4216
26745
26108
3854
22645
29210
14480
3116
14547
10013
32626
19723
24548
30236
16924
334
11411
14564
20351
26422
8942
26338
30370
12728
2529
19416
12941
5331
5700
5844
19813
27680
18201
21859
16088
12203
22286
12034
18876
11009
26442
29909
7410
10890
18277
22940
31633
4889
32440
26082
12352
6082
31448
31863
20452
492
1885
801
3964
16294
29416
911
12616
11327
1380
22670
19761
18192
11147
15232
30821
19613
31660
17929
4162
26077
30636
15371
11381
25045
12364
12757
31843
11628
11689
25239
5064
32122
16649
19225
27293
24354
9172
23725
5184
8802
2017
23651
29135
21224
31987
17019
25556
13095
20356
11808
16168
28075
17601
16723
2321
28841
22485
31013
16046
10203
23658
22057
11157
2186
10861
26921
5050
9197
14098
6168
13459
13233
16153
12104
24953
21721
26191
4829
16210
25800
28759
9346
25453
13468
30378
12634
22957
1726
16349
31801
21994
2743
7203
14357
5268
19270
27410
1719
11929
17071
11946
20406
25737
2389
20371
934
9465
21131
30374
8077
21029
11176
8111
1174
2777
12633
18801
30730
31377
12092
26347
24443
29919
23978
30170
3395
24589
12756
24191
12589
13059
29713
162
16753
2668
4214
4567
28646
6421
21928
12544
32627
30613
5614
21267
3526
5939
24202
27934
9545
23556
14666
32648
11090
8788
11354
26265
32411
13127
27740
5180
23025
27840
29882
5892
20272
8322
31291
4718
28270
28310
27605
3174
28023
7916
30147
13324
25466
15941
15063
1463
27905
591
14352
28730
19494
14610
1647
24423
22788
18316
28423
20434
22125
31640
1364
20440
32475
13589
15309
4575
23976
10819
9916
29662
18561
19312
24910
8225
3352
2517
18662
11078
10009
1467
695
21388
4704
26594
32658
17741
3433
27170
29180
2248
24583
21331
27268
32036
31321
27243
3668
1202
32762
9446
7173
18035
4985
5227
12984
10458
30217
22444
3938
27090
20345
4750
13415
30723
12902
12682
12139
29009
12463
31826
29028
27302
5161
15288
27892
25842
3988
30412
28407
4976
31694
2885
25944
22314
30023
9507
2088
5055
28085
22930
6385
16740
1545
26896
11335
24617
17569
27858
12705
12414
31679
29540
11623
21749
29754
20625
22860
16713
12403
9346
7902
6816
23435
24106
8283
27917
14547
15585
17351
23129
10116
5454
29755
9731
3761
23947
3456
17029
17785
17540
9693
17369
19329
22688
10796
23356
26018
420
51
16434
29406
20948
9010
10954
3481
29275
28345
17187
19717
12012
3004
10799
15071
25770
13289
32695
20825
22597
16185
2463
5463
14182
12230
24684
8413
18766
12252
17667
12744
4794
13906
947
4285
28937
17691
2166
25696
28832
30232
2164
17606
25230
18992
25801
9004
30060
28323
10888
23017
21895
27803
21504
30881
6210
30469
12094
8380
30389
19102
3539
1558
7066
21585
8663
26616
2154
4544
11309
5704
21955
24609
24585
22268
21261
11595
8112
16340
18781
16144
30335
22601
26009
1230
29743
6081
3550
10049
19799
5124
9758
19099
25906
29683
2062
14039
9379
31352
12863
23114
17014
15801
29322
23163
24809
24209
4018
10036
9323
21568
13893
17369
10147
8289
11459
15097
28852
32541
4866
28707
19392
26527
12497
17403
11947
28871
6108
16012
2593
28195
7376
13280
11226
22811
27583
5838
5660
23147
15301
28180
28802
2007
26092
8102
30205
10777
25421
1605
1048
7967
30328
1362
12160
11379
1046
3813
451
22011
24269
20506
17496
3298
2660
30635
31968
19158
14888
19140
32427
28020
3726
31762
13694
26112
22041
31006
3475
4442
21886
8665
7394
19501
23303
7799
29087
5994
8501
18305
10756
24821
17577
21542
14672
17566
20804
17107
32272
22866
10894
12291
3485
24210
21332
3927
22758
24101
22678
31465
3695
5642
25504
3294
23962
16049
14198
30522
32550
363
7541
19960
9973
13086
1336
14171
17170
10045
23481
30335
11250
12023
23992
1075
10746
6319
26977
10763
29762
17325
4905
21424
3225
7187
505
2683
7369
4882
22158
20290
14620
26461
8736
18034
11294
20958
12353
27230
12197
27305
10249
14295
14095
23086
18544
2301
11979
10930
17403
4692
21787
19968
32667
13851
4119
11099
14546
8665
25846
18872
22295
27192
29833
27178
27772
6422
8456
9886
10638
25050
16657
26824
18556
28676
1006
19805
13180
1033
27415
18307
27243
21085
31991
6278
27571
22737
5363
28620
9330
7711
29865
18187
11225
4035
31349
20153
19922
29197
8506
32452
10469
5749
11615
8068
25436
19502
11031
24302
15269
16126
8678
17930
30713
14412
8545
8871
31035
30331
2869
14669
29987
3702
15978
21363
7067
2956
2025
32242
11113
16767
31804
3002
14863
1239
7830
12483
13039
15740
30995
18759
20915
1924
2624
8495
7148
22090
11230
20427
7673
19904
22243
31685
28459
17926
26818
7000
16679
11579
19948
1213
32395
15251
13719
25318
15572
11689
12990
25199
1407
30999
28265
10962
14958
12101
20270
30682
6542
638
14840
26458
9143
8521
20487
20254
27347
23542
20024
12066
2883
18551
29063
5122
21630
22641
1234
32178
25851
5523
31712
7791
15698
30759
16289
1525
3742
3046
4023
3315
18469
22289
7478
5308
10299
14269
17064
28479
21603
11119
32085
825
15544
13544
3009
169
20107
21570
21877
14725
14926
17724
2
29355
20656
30675
21828
16666
15114
30482
24292
18274
4858
12842
23328
26457
7501
23493
28367
15376
11299
21400
14495
28677
27725
20023
10658
17306
8698
12078
18185
22470
6291
18765
14639
4363
18915
31043
19417
9896
123
20079
17340
12815
31061
13810
11583
21145
18615
23561
2179
14713
1626
14234
30368
12783
1228
29708
19506
31166
6163
11612
11541
32223
12179
12909
5484
20343
18226
16800
29672
25863
29625
29605
14663
31714
3709
18577
282
11749
17472
2864
14284
3938
2898
32412
25056
26973
17659
2574
26746
25595
3614
22261
3873
13623
790
5445
30403
10199
31460
23058
20985
3742
32140
19549
11917
30660
31164
5166
30778
13475
32175
16355
6322
2483
30545
5063
22758
6840
16292
30694
26497
26426
30050
30752
10421
27446
27364
2685
13115
14355
11074
4032
7829
6615
23228
16959
1687
7323
30296
1777
26661
1597
14029
21705
15166
6228
6816
9794
28218
11881
23437
10556
9807
3172
21288
8454
26970
28996
4804
11964
5340
16915
12948
29651
17987
24857
7184
17138
6252
1361
21402
21251
23141
9753
1378
10379
9079
20269
22919
10550
26724
28886
21375
3511
30189
95
16568
9678
29847
31945
31359
8874
22959
11200
32546
23410
27020
8909
9809
16415
12052
28876
29898
28300
3202
31649
21302
7632
18790
26151
11341
21451
16876
4713
13889
6399
7010
5141
27482
7841
8693
10029
30173
2800
13243
32512
4915
24518
23799
345
12871
12141
2456
16886
20784
5043
28674
21051
24080
6977
6417
14632
7996
8488
10587
10121
26269
17085
20406
15468
5206
26535
31995
28120
11430
4150
18697
27068
1296
24055
10508
806
19642
2693
23295
32693
29716
16545
10863
22865
14265
2949
29314
18457
21146
20598
313
10397
7001
1689
16370
4686
4339
8455
17713
12851
6818
24355
13215
15837
32514
30508
2643
4764
22130
20238
19025
21747
31933
14206
5456
9290
17914
23877
10689
14051
31408
25820
24588
29199
24382
25658
3357
21154
19066
12010
28191
14756
3993
10336
391
29001
16207
4237
29013
32291
1078
32433
29334
4247
7796
32369
15918
10894
17049
809
1748
19820
24518
9603
4190
17478
4372
24393
19519
24144
15923
14711
8014
11668
12114
8341
13513
7658
6207
21315
665
30756
24272
7958
25303
9609
8321
24482
26256
18309
15198
29656
17861
30622
24100
7571
4278
17322
25507
32621
1633
14911
32102
11479
13381
7020
29078
105
17259
422
28700
11382
5799
5893
17158
14820
7708
10929
24108
26938
1022
14999
4627
10747
5788
17760
26129
7219
5021
30883
23986
20559
14473
3929
11611
14641
15500
29842
8749
1156
6007
32359
16684
19789
14856
21808
24993
23747
7019
23287
18109
28001
16384
10028
31870
9273
7519
27289
31703
13451
32666
20377
23051
24982
21442
10885
1882
21166
31660
3696
24799
28047
3828
6676
6585
10993
11587
4363
16233
6493
17870
5443
23931
574
30751
5292
1129
25915
29208
16179
14268
15812
28469
6388
1908
18155
15633
31915
22698
12662
26924
8812
8564
50
31723
32405
7177
32394
25824
3328
13605
1367
31820
23677
14767
506
15842
28287
1946
29609
8398
16149
17929
21254
12534
2332
26806
6134
19840
6836
660
20912
12436
19952
11187
1300
9315
31186
32356
17727
2408
28534
28575
14940
4589
22413
1697
2748
22226
1037
14297
23082
10634
2599
26373
21368
18278
14458
21657
28766
21014
15750
31328
29573
12653
4707
7013
18654
16996
32178
2836
16440
30562
17109
28573
22034
19898
20827
921
32429
15477
2238
6896
10086
83
25681
28410
25155
26892
9076
30180
28620
3035
16906
18774
6940
32573
21805
24658
7223
1015
8224
8288
29854
16214
30084
2536
31265
27322
14543
991
1013
7254
5115
2725
28166
3377
13691
17966
26254
112
10867
19297
14823
12248
10536
3261
4254
24975
24502
15938
21448
2850
6913
12431
11161
9676
23021
26440
19506
6134
8402
28346
1211
22522
8490
13506
17586
11308
2445
26858
2946
11291
4576
10198
30296
26388
6089
30175
24626
21480
24421
19709
18489
28143
19518
16874
29264
9037
9847
1156
30189
30836
16458
16244
12071
1259
4021
6925
17937
11597
4207
26486
16455
16020
545
12812
20678
20119
22227
18946
23041
1490
26020
30794
22065
13926
13759
28345
6636
25696
30090
12902
9465
9022
29217
1363
30051
27824
8962
4943
4300
21659
7690
26138
14340
15971
1952
25803
30938
30570
21296
25199
4658
23252
26587
32755
24152
25230
32108
25924
14228
18830
17806
5556
2815
9052
13629
25504
3476
3281
635
18255
18314
23070
10820
7454
27106
26129
4803
3802
8764
26260
7622
11374
24814
27255
16240
30654
17751
25711
27949
26578
9329
26462
30955
10039
23974
30676
11400
4514
29157
5846
14726
13527
4340
27103
20742
22729
4360
9253
30708
21251
1171
5405
27519
10566
25181
65
10700
18292
29654
8721
29419
19628
32171
1624
22026
13239
22167
5040
7912
23203
24700
28744
14221
11693
6066
9189
21049
31077
11422
6951
28570
10252
23431
28686
5441
28225
30374
7100
18519
10973
22140
30077
8332
32283
9321
8964
1873
23548
13177
24056
30535
7657
23425
12975
20471
22426
2667
7225
4547
29496
32718
8608
5660
22718
26306
22638
6134
9381
16882
28784
8313
12736
24050
11450
11258
31333
15827
28139
6953
5325
13813
12722
17548
20157
10525
11153
14892
11366
7111
23265
6030
20107
4542
16919
27620
993
27113
9029
5253
2491
11368
26084
7067
16358
32480
2512
28443
21458
13074
19348
1019
9971
9139
24040
14751
29799
21367
23672
4500
31193
624
23527
3968
10149
11670
15124
21849
7229
11431
6556
20438
28363
25137
6048
1827
3352
12780
17096
26585
12460
12622
21639
6189
12087
18010
9633
11624
10799
10425
31467
21911
25019
30987
3922
18819
11984
25215
32543
6883
26777
31393
30842
13009
14621
21364
21804
5243
9500
29633
425
14363
19257
10670
21837
4649
7775
27538
16358
6862
8029
15112
28787
27037
22995
15939
22827
14718
10322
929
13505
26858
959
9090
28903
19038
25080
13402
8721
22793
26554
17669
25723
9672
29123
20827
20077
4181
14643
25861
22462
8380
5944
24719
23191
5390
11242
5309
4473
30552
27764
10275
13953
20438
23669
31472
10219
18277
30374
32011
13782
20023
2236
10849
32070
6858
1680
8573
29807
5403
6269
2137
3121
535
26889
13171
2783
850
30152
17188
1092
16123
26494
11053
4840
17424
13700
22675
13967
32462
6253
27054
31747
20844
4072
11388
21011
9480
32744
22331
12252
1762
10499
12086
28743
9672
24
4575
1747
17361
10549
5150
29077
28750
6584
11241
3197
7678
9652
6165
10714
27009
31894
31339
5152
9231
22792
22527
23785
30314
26645
29629
7483
12305
11150
14149
2825
5815
23469
7673
2044
18931
3065
22099
3443
3897
5993
3453
6600
6665
6092
6427
725
9318
27752
29547
20918
27530
5090
15761
3025
25816
23902
15404
3348
16146
13542
557
22398
972
3856
15849
31713
27937
14299
23661
32742
17316
2267
30481
25937
22681
19094
16208
13958
28774
17709
23766
15436
12612
17471
29147
16594
27194
4618
14768
1008
17996
11731
30103
17582
16368
16776
7128
1034
26817
6821
32017
25846
22903
10836
21454
19873
24087
20696
29273
11767
12903
30763
724
3947
25253
16870
3460
20980
9336
19554
14704
14933
15399
21277
31531
13730
16905
11871
9710
30208
23613
30237
4841
19628
16538
19485
21211
25919
4841
4443
7649
17968
29522
2732
30091
15002
20757
14497
11573
2367
21883
26286
19605
7374
31499
13707
144
353
9472
9435
3666
23370
19195
24588
31901
15119
3318
21118
26465
29363
17273
18151
12686
20535
24592
5622
2342
24929
12796
10294
29078
9404
25385
20278
18502
19424
16736
14823
30575
29427
10174
2117
19245
29040
7269
16953
7381
10279
30321
13758
18568
28806
8238
68
8456
4374
18824
18257
21963
23368
7874
25710
32590
22130
22379
2113
17836
7189
12686
6391
21871
18785
11562
20453
5798
10747
7137
23150
23096
32765
22772
551
29047
3391
15727
8249
25592
16853
9377
24583
14243
13272
5327
5393
32518
17514
24618
10264
8686
5620
20989
24452
5177
14258
15403
1794
28390
10866
30937
14961
8046
8856
13416
22527
8535
11110
5030
23951
30214
3962
2629
13663
20181
10904
30092
13799
7525
2218
20300
22788
32310
30213
3350
28245
12660
25838
32683
19685
5652
19549
18100
18443
23328
25601
11443
27535
23375
24963
32570
17166
22233
6927
14171
12448
32649
13073
1631
5815
2836
12604
6842
22859
16297
11473
12607
31284
11977
27678
18065
21719
4697
7493
31962
15620
32758
3134
2495
1311
26248
31263
16531
12158
2586
31131
3274
20243
29161
29897
28849
23371
31930
16423
23645
31541
3953
24287
28897
3047
4576
23625
965
26142
11741
24240
30387
10020
1175
22361
14194
247
20010
29633
31769
21927
6000
13351
3964
8704
4634
19274
16875
31593
11008
11124
21020
9484
23222
25783
25189
55
25696
14455
20014
23554
30407
1577
29607
26675
25516
30041
17846
20318
24924
242
14900
15441
2692
18362
26712
20143
4167
17948
27507
17114
21134
23850
24030
20758
21151
19170
49
2028
13298
30640
24758
9677
16191
15669
5918
13816
7132
2631
26738
29854
13126
2105
26444
15939
29438
9564
25670
3687
24726
10437
17075
20838
13323
13137
1421
3485
27733
20967
10415
10190
4669
1277
6724
18117
7535
24926
26752
6716
12240
11818
30606
2301
6929
9246
21449
2630
25733
12821
29742
11889
15151
27343
273
6868
5152
32754
29456
31975
24832
28238
7750
14500
5354
16229
32193
22068
27517
1067
21301
29383
9775
27914
28401
14532
13285
9001
13331
8994
30401
18158
11512
4117
7227
14274
17399
26350
15220
2324
29775
21820
11718
18592
1885
26424
21920
31217
12819
32608
18321
27428
9893
29025
2466
18160
28293
17466
23785
2019
8338
24479
17755
12526
18317
10395
17378
28452
3276
20858
30384
2239
31538
24806
5074
15716
28254
13392
29192
31656
547
402
5076
4050
5688
7122
26833
12258
14897
32681
14662
2259
5550
27268
28667
12574
8403
331
13899
9343
16632
19009
5755
11515
7585
32300
6218
23842
16816
29877
3017
32658
23769
12305
30317
8124
14679
19425
22115
4075
14813
21335
12323
4226
29648
17051
6728
31876
14771
14189
15263
8026
10723
5387
28542
6097
5508
8021
1111
27747
21435
20783
18572
13495
21789
29223
22917
31851
2920
12120
26881
17168
31089
15245
27817
15734
32606
15018
27627
15402
14101
31816
24581
23358
29941
18848
23136
24392
16579
19114
25888
25517
23271
18054
20985
15904
8664
17178
27460
15205
27605
18429
15186
6491
10454
18579
24064
25145
24770
31098
4235
3352
25058
5413
29606
1970
13206
21447
13258
3433
8518
6771
3022
28555
29084
9601
21943
13012
7664
12851
7633
9780
7684
27545
27647
22227
7154
7857
14159
1363
9314
31187
14289
85
9984
23372
2730
2110
23342
29514
23652
8251
23797
15608
3464
28802
5698
4841
1391
7643
18511
25274
10069
14943
18783
17395
7599
13184
19118
30255
28606
24906
15016
2685
5477
6889
5977
15365
32056
29802
17701
15343
14549
2502
15801
29824
17271
31516
11073
1926
5832
32318
17371
3063
503
10607
31052
20181
30475
23403
20723
6996
17015
25768
30715
20031
24814
21980
26580
14488
26488
6079
12003
5503
12742
12306
12664
5972
19138
22496
30465
20512
17259
18180
22398
31025
27616
22763
7477
24069
8890
28315
28327
28266
11935
12788
5314
15330
22037
7734
29016
26188
10643
29124
14800
15297
13278
27944
18972
4029
1171
854
9195
3455
18687
24373
28191
2482
26423
25179
2177
5964
20325
280
1971
25527
30561
8119
11623
7727
13441
21760
12495
28267
26545
13826
27476
15999
12230
3855
15755
23553
5647
11783
16485
13418
26925
8666
5798
12480
14885
4936
29336
29810
12212
6891
9216
900
9187
14456
16977
5099
16346
20290
18208
3643
2553
19455
11480
383
6693
22479
26031
3688
26720
15482
16088
3499
27037
24057
1018
30116
28370
27961
30434
17215
31310
14363
28533
27160
32589
15039
14312
4065
16330
22018
31027
5893
15508
20293
19394
15498
27556
32113
16494
19772
10414
18231
30125
13832
5110
22173
3333
29606
21349
9654
5319
9595
27100
18608
14841
18365
6344
6421
22164
22744
32759
9802
12272
28176
28586
3932
31100
31592
8427
10747
28594
21187
18464
6855
8010
7754
13793
17099
11438
23053
31239
9799
12207
4333
15621
12467
30582
24761
17276
31232
19133
2455
20489
28961
30783
3238
22370
4042
19308
7649
15009
31608
14690
27975
31711
14257
23065
2873
8453
19853
477
27683
14559
3189
3842
20318
13938
18475
16339
3413
5776
14346
9419
4327
937
23440
776
13
27620
2073
15100
22461
15726
1005
1894
32526
15634
21117
10368
5532
11019
5610
20346
302
10774
10695
24104
32406
7371
23328
20216
14809
27948
25019
22822
12688
29311
32413
9523
27022
26969
25552
9619
12483
12796
18788
26534
32352
18658
21428
28905
10812
11674
12011
31854
1143
11219
966
11401
4189
15031
10651
1229
26253
26234
14746
16438
602
30770
26451
22440
32369
20457
17016
19608
1212
9456
17892
3081
30087
8311
22493
32187
2530
1627
8086
5023
30022
24639
21496
28045
19067
24286
26530
25913
10168
26015
13871
5732
28173
29803
5815
14159
2046
25531
30616
21877
881
9973
26486
19065
714
2296
12160
32094
18772
5877
25333
17398
26339
11650
2023
30877
18103
23529
15680
6183
9636
4550
514
31766
13168
19153
467
1296
25469
11512
2744
18833
12455
19633
4129
7390
22640
2958
24358
570
20827
17681
26640
24667
149
15811
16667
2335
29402
2176
18042
27004
7319
22037
31644
30133
25932
25357
4526
9684
565
30663
14177
5716
25641
11980
5613
8478
15554
30048
8022
695
24254
31319
4589
24503
32165
32554
21787
15997
4268
16202
4954
18721
23770
25012
13700
27562
27241
10438
9040
8833
26991
21585
27929
3366
18878
27119
17122
6434
2568
22423
23704
22845
583
9326
14230
23792
11611
9184
19823
7197
13813
24304
10215
19198
19125
10188
30274
10844
32143
2981
1986
10241
12915
5821
20331
25455
24877
7874
21769
27346
11914
1882
14196
17460
8380
13567
9235
5872
29439
8717
26527
2409
19581
18969
31785
9979
24175
24453
14431
25138
11654
32593
1035
1850
2697
22324
13788
12951
32319
29164
32361
8214
11407
7634
1139
26116
29414
8625
5738
28829
17881
13272
5427
20935
4620
26478
31785
14593
9298
1030
10850
10134
23829
31603
20787
13590
13049
29150
11254
30726
18620
3094
25866
26327
6753
30758
19484
17685
1421
25645
16805
28897
12593
22378
31668
9377
6249
8599
2030
246
15524
21624
11987
29423
17158
31667
7235
19068
266
1762
28992
5413
15468
6631
8949
4347
8774
14207
19191
19407
14713
31259
19660
17059
21582
20203
29866
5470
17757
26427
29568
8900
23470
21506
23611
8356
27167
32696
1602
1107
24069
